1650094.63,4944639.0,0.07925983470704523
1650348.88,4944585.0,0.001407364965416491
1650592.63,4945068.0,0.013096627197228372
1650829.5,4945554.0,0.040567347314208746
1651029.88,4945905.5,0.009696246823295951
1651232.38,4946354.5,0.00946026376914233
1651227.63,4946378.0,0.023291864315979183
1650986.0,4946490.5,0.02535186428576708
1650757.0,4946024.5,0.009647373051848263
1650577.5,4945659.5,0.05805471912026405
1650064.5,4945875.0,0.08725344814592972
1649881.13,4945376.0,0.0255787305013655
1650029.25,4945313.5,0.010876862914301455
1649770.5,4945419.0,0.01284186719567515
1649922.38,4944957.0,0.005601867334917188
1650100.25,4944685.5,0.00430736498128681
1650073.75,4944698.0,0.00028186728013679385
1649896.88,4946121.0,0.08873345470055938
1650065.0,4946470.5,0.04917672649025917
1649998.63,4946733.5,0.037917095120064914
1650051.0,4946979.0,0.028317094780504704
1650379.13,4946826.0,0.026197094935923815
1650670.25,4946655.0,0.021357094519771636
1651438.88,4946731.5,0.013347846223041415
1651852.38,4946763.0,0.01210784655995667
1652162.25,4946635.0,0.023464280762709677
1652182.25,4946677.0,0.022184279921930283
1651699.38,4946109.0,2.3283064365386963e-10
1652135.63,4945859.5,0.00825973751489073
1652188.25,4945828.0,0.010119736962224124
1652250.75,4945788.5,0.020764827413586318
1652137.88,4946048.5,0.0035709826042875648
1652747.88,4946233.5,0.02180741634219885
1653164.75,4946233.5,0.02648741635493934
1653238.38,4946135.5,0.09757974208332598
1652471.5,4947147.5,0.010444279294461012
1652974.13,4946893.0,1.1641532182693481e-10
1653000.5,4947593.0,0.0035157211823388934
1652997.88,4947950.0,0.007735721534118056
1653465.13,4947628.0,0.02321572182700038
1653953.13,4947276.5,0.03179572173394263
1653669.25,4946887.5,0.004368975991383195
1653412.88,4946500.5,0.011868976522237062
1653325.38,4946374.5,0.1186102960491553
1653405.75,4946332.5,0.12145029622479342
1653576.75,4946261.5,0.12209029705263674
1653305.5,4946224.0,0.09995974513003603
1653327.63,4946206.0,0.0005984258023090661
1654320.88,4947050.5,0.04306674608960748
1653865.63,4946305.0,0.12437029473949224
1654128.63,4946356.5,0.3149797305231914
1654151.0,4946388.0,0.4105342905386351
1651249.88,4944650.0,0.004153556481469423
1651009.13,4945449.0,0.01799130509607494
1651234.38,4945272.5,0.015231305034831166
1651454.0,4945036.0,4.656612873077393e-10
1651631.75,4944839.0,0.001328694459516555
1651706.13,4944872.0,0.0021351384930312634
1652209.75,4945096.0,0.013373856956604868
1651938.88,4944437.0,0.0029391561984084547
1652230.25,4944648.5,0.001928944664541632
1652461.25,4944548.0,0.006538421017467044
1651242.38,4944380.5,0.008823643234791234
1651105.25,4944112.5,0.0009548355883453041
1651206.0,4944094.0,0.006814835709519684
1651172.75,4943897.0,0.007621711236424744
1651089.5,4943759.5,0.009861711325356737
1651047.88,4943688.5,0.018128594267182052
1650871.63,4943730.0,0.020868594059720635
1650699.5,4943831.0,0.025388594949617982
1650643.5,4943741.5,0.028008594643324614
1650545.13,4943797.5,0.030128594575216994
1650520.88,4943731.0,0.03088859678246081
1650299.25,4943830.5,0.03440859779948369
1650312.0,4943864.0,0.017764298245310783
1650129.5,4944033.0,0.038368597626686096
1650062.38,4944332.5,0.051028597983531654
1651328.75,4943618.5,0.001146883296314627
1652035.13,4943543.0,0.007258315252329339
1652295.38,4943960.0,0.0014531243941746652
1652274.0,4943915.0,0.002985198167152703
1652177.13,4943728.0,0.005485198285896331
1652378.5,4944227.5,0.007296158451936208
1652613.25,4944096.0,0.018105019815266132
1652813.0,4944165.5,0.03082715696655214
1652520.5,4944765.5,0.003169364994391799
1652776.0,4944502.5,0.005689056124538183
1652571.63,4944946.0,0.005049365136073902
1653166.63,4944737.0,0.00842455519887153
1653208.38,4944863.5,0.010874501313082874
1653384.13,4945164.0,0.014554501743987203
1653347.25,4944479.5,0.01735279861895833
1653436.5,4944350.0,0.01674507569987327
1652876.63,4943584.0,0.03987807547673583
1652898.75,4943338.0,0.05959638918284327
1652902.5,4943296.0,0.062476384453475475
1653228.75,4943125.0,0.06781638681422919
1653309.5,4943022.0,0.06963639380410314
1653025.75,4943691.5,0.00398674319148995
1652573.75,4945380.0,0.035455702571198344
1652700.0,4945571.0,0.06862954748794436
1653007.75,4945362.0,0.038001151697244495
1653126.88,4945561.5,0.001783928892109543
1653249.5,4945739.0,0.005183928797123372
1653037.88,4945841.5,0.05921232426771894
1653240.25,4945242.5,0.052791181253269315
1653586.0,4945851.5,0.05769118038006127
1653657.0,4945938.0,0.06306960887741297
1653793.75,4945830.5,0.17986945086158812
1653877.13,4945776.0,0.10271799055044539
1654144.25,4945621.5,0.09051828284282237
1653650.88,4945006.0,0.012989789480343461
1653850.25,4944888.5,0.03642540972214192
1653644.13,4944567.0,5.820766091346741e-11
1654038.25,4945213.0,0.05266541102901101
1654814.75,4946886.5,0.011088220169767737
1655054.13,4946778.5,0.005816176999360323
1654981.88,4946686.5,0.032074298709630966
1654952.13,4946733.5,0.018540989141911268
1654764.13,4946651.5,0.036996039329096675
1655205.88,4946327.0,0.009507818147540092
1654560.5,4945469.5,0.011132874293252826
1654911.5,4945305.0,0.008172874338924885
1655494.63,4944952.5,0.00990069203544408
1655475.63,4944804.5,0.007240691571496427
1654567.88,4944497.0,0.010654777754098177
1654739.5,4944761.0,0.004393471404910088
1655066.0,4944789.0,1.1641532182693481e-10
1655412.5,4944625.0,0.008266529184766114
1655182.0,4944156.0,0.004425837774761021
1655000.88,4943750.0,0.010205838363617659
1653583.88,4943834.5,0.0011138555164507125
1653737.0,4944072.0,0.0208850777707994
1654039.88,4943759.5,0.04975311108864844
1654630.13,4943284.0,0.07887895021121949
1654391.75,4942756.0,0.17607534967828542
1654787.38,4943123.0,0.08055895147845149
1653500.25,4945096.5,0.002518693159800023
1652763.88,4945531.5,0.07566954614594579
1650107.63,4944676.5,0.005237924866378307
1650145.63,4944665.0,0.005074944347143173
1650352.5,4944579.5,0.005074944347143173
1650357.88,4944574.5,0.008875849656760693
1650376.25,4944620.5,0.009489888936514035
1650381.38,4944614.0,0.008195849834010005
1651251.13,4944414.5,0.006155849667266011
1651260.13,4944416.5,0.004332958371378481
1651237.25,4944384.0,0.00597584943898255
1651579.0,4944230.5,0.007963643409311771
1651645.38,4944302.0,0.0048436434008181095
1652019.13,4944321.5,0.0017265684437006712
1652208.25,4944271.0,0.003326568636111915
1652519.13,4944189.5,0.008426682325080037
1651329.5,4943687.5,-2.7284841053187847e-11
1652392.63,4943383.5,0.010458315955474973
1652393.38,4943359.5,0.015118316043299274
1653184.25,4943033.0,0.06901639330317266
1654010.5,4942993.0,0.07515639439225197
1654455.63,4942851.0,0.08329895380302332
1654626.38,4942950.5,0.08287894932436757
1654827.25,4943438.0,0.019625838996944367
1654111.88,4943677.5,0.05277311021927744
1654341.0,4943549.5,0.05523311300203204
1653947.88,4943634.0,0.007887112849857658
1653878.0,4943632.0,0.006327112787403166
1655342.5,4944429.0,0.0030258375336416066
1655290.5,4944410.0,0.0035658375709317625
1655221.38,4944282.0,0.004105837382667232
1654399.38,4944572.0,4.656612873077393e-10
1653136.13,4944368.0,0.006026917137205601
1653035.25,4944362.5,0.003986917668953538
1653147.88,4944201.0,0.0038558266824111342
1653102.13,4944214.0,0.0028758267872035503
1655032.0,4945217.5,0.0029664370231330395
1655018.25,4945301.5,0.005932874162681401
1655514.13,4945400.5,0.003163909073919058
1655702.38,4945732.0,0.0033639089670032263
1655636.25,4945947.5,0.006727818009494513
1655473.38,4946058.0,0.00337390904314816
1655702.0,4945843.5,0.0033639089670032263
1655004.88,4946866.0,0.002908088732510805
1654848.63,4946920.0,0.005796177621050447
1654504.88,4947010.0,0.007388219120912254
1654147.63,4947127.5,0.04298674717938411
1654320.63,4946836.0,0.03803852736018598
1654196.13,4946476.5,0.04139852849766612
1653374.0,4946313.5,0.10182131754845614
1654034.0,4946220.5,0.18452945502940565
1653117.88,4945984.5,0.05941232340410352
1652987.5,4945869.0,0.05164839327335358
1652919.5,4945750.5,0.04824839427601546
1652879.75,4945759.5,0.04394839587621391
1652625.5,4947099.5,0.0024442793801426888
1652295.38,4946618.5,0.013264278881251812
1652739.13,4946283.5,0.012276434252271429
1652044.5,4946708.5,0.012087846715985506
1652433.0,4945703.0,0.019733845721930265
1652664.75,4945450.0,0.03987570357276127
1652626.63,4945439.5,0.03957570411148481
1652531.63,4945339.5,0.02214876643847674
1652665.13,4945336.0,0.0028069362742826343
1652217.38,4945696.5,0.00932509038830176
1652211.63,4945412.0,0.0009850899805314839
1652469.38,4945212.5,0.017628766829147935
1652212.0,4945062.5,0.004457874223589897
1651102.75,4946039.0,0.008616246632300317
1650501.5,4946742.5,0.023997095180675387
1650496.13,4946770.0,0.025537095178151503
1650076.63,4946503.5,0.1423905462725088
1649932.25,4946560.5,0.04097709513735026
1649851.13,4946001.0,0.04436672851443291
1649984.88,4945956.0,0.08813345193630084
1649627.88,4945098.0,0.012201867619296536
1650151.88,4944850.0,0.004481867479626089
1649929.63,4944395.0,0.02666429802775383
1650210.88,4944252.0,0.050208595625008456
1650325.75,4943930.5,0.035528597072698176
1652407.25,4944555.5,0.0050489448476582766
1652869.63,4945446.5,0.03504115343093872
1654186.38,4945631.5,0.014672874414827675
1652715.75,4945564.5,0.07500954452552833
1654757.0,4943407.5,0.019665838673972758
1655204.38,4945090.0,0.005012873996747658
1655307.38,4945032.5,0.003572873945813626
1655520.5,4945027.5,0.003163909073919058
1655510.63,4945305.5,0.003163909073919058
1655546.63,4945480.0,0.006327818031422794
1655316.13,4946179.0,0.006747818224539515
1655280.25,4946245.5,0.006907818606123328
1651133.0,4944753.0,0.008236626395955682
1651333.63,4946515.0,0.018827846157364547
1651621.0,4946776.5,0.013287846226376132
1652620.25,4945096.5,0.0005069361359346658
1653535.38,4945415.0,0.008841850445605814
1653638.5,4945351.5,0.001579703704919666
1654106.25,4945524.0,0.06458540633320808
1653382.38,4945500.0,0.05501118104439229
1653496.88,4944266.0,0.017145076300948858
1653901.25,4943949.0,0.023991221270989627
1654462.38,4943456.5,0.05721311143133789
1655230.88,4944258.0,0.004245837430062238
1655162.75,4944163.0,0.007645837846212089
1654925.75,4944801.0,0.002513471175916493
1654858.25,4944795.0,0.003373471205122769
1655479.0,4944922.5,0.0049503459595143795
1655494.88,4944873.0,0.009880691842226952
1654742.88,4946936.5,0.011068219860135287
1653702.88,4947431.0,0.015897860750555992
1652127.0,4945847.0,0.00475973729044199
1652323.25,4945747.5,0.017673845286481082
1651497.63,4944781.5,0.0016335565014742315
1650826.88,4944939.5,0.010376626625657082
1650026.0,4946453.5,0.09807345284207258
1653025.75,4943589.5,0.002043371554464102
1653405.25,4943607.0,6.674323594779707e-05
1654542.0,4946550.0,0.04305604146793485
1651141.13,4944445.0,0.008249889011494815
1650052.63,4944638.0,0.027274299412965775
1650012.63,4944551.5,0.05354859784711152
1649989.63,4944541.5,0.05332859641930554
1650020.38,4944365.0,0.0530885970001691
1650106.88,4944325.5,0.050588597339810804
1650209.75,4944195.5,0.047648595995269716
1650017.88,4946758.0,0.037537095180596225
1652260.88,4945816.5,0.0031309825426433235
1652433.0,4943954.0,0.006238336907699704
1652708.25,4944155.0,0.019085019011981785
1653541.75,4944409.5,0.0012030768557451665
1654257.63,4946332.5,0.41163429617881775
1650149.75,4946528.5,0.14469054341316223
1650191.75,4944416.5,0.07937983423471451
1654428.63,4942467.0,0.17817534506320953
